P2 16 16 255
0 254 251 246 239 230 219 206 191 174 155 134 111 86 59 30 
254 5 246 17 230 37 206 65 174 101 134 145 86 197 30 2 
251 10 17 230 37 50 191 82 101 134 145 170 59 226 2 221 
246 17 26 37 206 65 82 101 134 145 170 197 30 2 35 70 
239 26 37 50 65 174 101 122 145 170 59 226 2 35 70 149 
230 37 50 65 82 101 134 145 170 197 226 2 221 70 107 146 
219 50 65 82 101 122 145 86 197 226 2 35 70 107 110 187 
206 65 82 101 122 145 170 197 30 2 35 70 107 146 187 230 
191 82 101 122 145 170 197 226 2 221 70 107 146 187 230 20 
174 101 122 145 170 197 226 2 35 70 149 146 187 230 20 67 
155 122 145 170 197 226 2 35 70 107 146 69 230 20 67 116 
134 145 170 197 226 2 35 70 107 146 187 230 236 67 116 167 
111 170 197 226 2 35 70 107 146 187 230 20 67 140 167 220 
86 197 226 2 35 70 107 146 187 230 20 67 116 167 36 20 
59 226 2 35 70 107 146 187 230 20 67 116 167 220 20 179 
30 2 35 70 107 146 187 230 20 67 116 167 220 20 77 136 
